%% symbolic variables and constants
T = 2.6E8 * 365 * 24 * 60 * 60; % s  
R = 3E4 * 3E8 * 365 * 24 * 60 * 60; % m 